%YAML:1.0
---
#####################################################################
# 3号步兵
#####################################################################
K: !!opencv-matrix
   rows: 3
   cols: 3
   dt: d
   data: [9.451552503965819e+02, 0., 0.,
           0., 9.439256757603545e+02, 0.,
           3.040686390747440e+02, 2.495475558766769e+02, 1.]
D: !!opencv-matrix
   rows: 1
   cols: 5
   dt: d
   data: [ -0.4560581299509732, 0.0945863889017232,
           0.0, 0.0, 0.5513029282160074 ]
Tcb: !!opencv-matrix
   rows: 3
   cols: 3
   dt: f
   data: [ -9.99758482e-01, 2.05852799e-02, 7.68128550e-03,
           7.81105878e-03, 6.23124838e-03, 9.99950051e-01, 2.05363873e-02,
           9.99768615e-01, -6.39045238e-03 ]